These are the first 16 bytes of every sysex in the bank dump

We can recognize a pattern:
                      f0 -------------------------------------- begin sysex
                         00 21 0b ----------------------------- manufacturer ID: mfb
                                  04 00 03 00 00 -------------- probably device id?
                                                  nn ---------- counter (is reset for each pattern)
                                                     mm 00 ---- pattern number. only present if counter == 0

sysex #000: 00000000  f0 00 21 0b 04 00 03 00  00 00 00 00 7c 7f 70 7f  |..!.........|.p.|
sysex #001: 00000000  f0 00 21 0b 04 00 03 00  00 01 00 00 00 00 00 00  |..!.............|
sysex #002: 00000000  f0 00 21 0b 04 00 03 00  00 02 00 00 00 00 00 00  |..!.............|
sysex #003: 00000000  f0 00 21 0b 04 00 03 00  00 03 7e 1f 08 07 60 7e  |..!.......~...`~|
sysex #004: 00000000  f0 00 21 0b 04 00 03 00  00 04 00 00 00 00 00 00  |..!.............|
sysex #005: 00000000  f0 00 21 0b 04 00 03 00  00 05 00 00 00 00 00 00  |..!.............|
sysex #006: 00000000  f0 00 21 0b 04 00 03 00  00 06 00 00 00 00 00 00  |..!.............|
sysex #007: 00000000  f0 00 21 0b 04 00 03 00  00 07 00 00 00 00 00 00  |..!.............|
sysex #008: 00000000  f0 00 21 0b 04 00 03 00  00 08 00 00 00 00 00 00  |..!.............|
sysex #009: 00000000  f0 00 21 0b 04 00 03 00  00 09 00 00 00 00 00 00  |..!.............|
sysex #010: 00000000  f0 00 21 0b 04 00 03 00  00 0a 00 00 00 00 00 00  |..!.............|
sysex #011: 00000000  f0 00 21 0b 04 00 03 00  00 0b 00 00 00 00 00 00  |..!.............|
sysex #012: 00000000  f0 00 21 0b 04 00 03 00  00 0c 00 00 00 00 00 00  |..!.............|
sysex #013: 00000000  f0 00 21 0b 04 00 03 00  00 0d 00 00 00 00 00 00  |..!.............|
sysex #014: 00000000  f0 00 21 0b 04 00 03 00  00 00 01 00 00 00 00 00  |..!.............|
sysex #015: 00000000  f0 00 21 0b 04 00 03 00  00 01 00 00 00 00 00 00  |..!.............|
sysex #016: 00000000  f0 00 21 0b 04 00 03 00  00 02 00 00 00 00 00 00  |..!.............|
sysex #017: 00000000  f0 00 21 0b 04 00 03 00  00 03 00 00 00 00 00 00  |..!.............|
sysex #018: 00000000  f0 00 21 0b 04 00 03 00  00 04 00 00 00 00 00 00  |..!.............|
sysex #019: 00000000  f0 00 21 0b 04 00 03 00  00 05 00 00 00 00 00 00  |..!.............|
sysex #020: 00000000  f0 00 21 0b 04 00 03 00  00 06 00 00 00 00 00 00  |..!.............|
sysex #021: 00000000  f0 00 21 0b 04 00 03 00  00 07 00 00 00 00 00 00  |..!.............|
sysex #022: 00000000  f0 00 21 0b 04 00 03 00  00 08 00 00 00 00 00 00  |..!.............|
sysex #023: 00000000  f0 00 21 0b 04 00 03 00  00 09 00 00 00 00 00 00  |..!.............|
sysex #024: 00000000  f0 00 21 0b 04 00 03 00  00 0a 00 00 00 00 00 00  |..!.............|
sysex #025: 00000000  f0 00 21 0b 04 00 03 00  00 0b 00 00 00 00 00 00  |..!.............|
sysex #026: 00000000  f0 00 21 0b 04 00 03 00  00 0c 00 00 00 00 00 00  |..!.............|
sysex #027: 00000000  f0 00 21 0b 04 00 03 00  00 0d 00 00 00 00 00 00  |..!.............|
sysex #028: 00000000  f0 00 21 0b 04 00 03 00  00 00 02 00 00 00 00 00  |..!.............|
sysex #029: 00000000  f0 00 21 0b 04 00 03 00  00 01 00 00 00 00 00 00  |..!.............|
sysex #030: 00000000  f0 00 21 0b 04 00 03 00  00 02 00 00 00 00 00 00  |..!.............|
sysex #031: 00000000  f0 00 21 0b 04 00 03 00  00 03 00 00 00 00 00 00  |..!.............|
sysex #032: 00000000  f0 00 21 0b 04 00 03 00  00 04 00 00 00 00 00 00  |..!.............|
sysex #033: 00000000  f0 00 21 0b 04 00 03 00  00 05 00 00 00 00 00 00  |..!.............|
sysex #034: 00000000  f0 00 21 0b 04 00 03 00  00 06 00 00 00 00 00 00  |..!.............|
sysex #035: 00000000  f0 00 21 0b 04 00 03 00  00 07 00 00 00 00 00 00  |..!.............|
sysex #036: 00000000  f0 00 21 0b 04 00 03 00  00 08 00 00 00 00 00 00  |..!.............|
sysex #037: 00000000  f0 00 21 0b 04 00 03 00  00 09 00 00 00 00 00 00  |..!.............|
sysex #038: 00000000  f0 00 21 0b 04 00 03 00  00 0a 00 00 00 00 00 00  |..!.............|
sysex #039: 00000000  f0 00 21 0b 04 00 03 00  00 0b 00 00 00 00 00 00  |..!.............|
sysex #040: 00000000  f0 00 21 0b 04 00 03 00  00 0c 00 00 00 00 00 00  |..!.............|
sysex #041: 00000000  f0 00 21 0b 04 00 03 00  00 0d 00 00 00 00 00 00  |..!.............|
sysex #042: 00000000  f0 00 21 0b 04 00 03 00  00 00 03 00 00 00 00 00  |..!.............|
sysex #043: 00000000  f0 00 21 0b 04 00 03 00  00 01 00 00 00 00 00 00  |..!.............|
sysex #044: 00000000  f0 00 21 0b 04 00 03 00  00 02 00 00 00 00 00 00  |..!.............|
sysex #045: 00000000  f0 00 21 0b 04 00 03 00  00 03 00 00 00 00 00 00  |..!.............|
sysex #046: 00000000  f0 00 21 0b 04 00 03 00  00 04 00 00 00 00 00 00  |..!.............|
sysex #047: 00000000  f0 00 21 0b 04 00 03 00  00 05 00 00 00 00 00 00  |..!.............|
sysex #048: 00000000  f0 00 21 0b 04 00 03 00  00 06 00 00 00 00 00 00  |..!.............|
sysex #049: 00000000  f0 00 21 0b 04 00 03 00  00 07 00 00 00 00 00 00  |..!.............|
sysex #050: 00000000  f0 00 21 0b 04 00 03 00  00 08 00 00 00 00 00 00  |..!.............|
sysex #051: 00000000  f0 00 21 0b 04 00 03 00  00 09 00 00 00 00 00 00  |..!.............|
sysex #052: 00000000  f0 00 21 0b 04 00 03 00  00 0a 00 00 00 00 00 00  |..!.............|
sysex #053: 00000000  f0 00 21 0b 04 00 03 00  00 0b 00 00 00 00 00 00  |..!.............|
sysex #054: 00000000  f0 00 21 0b 04 00 03 00  00 0c 00 00 00 00 00 00  |..!.............|
sysex #055: 00000000  f0 00 21 0b 04 00 03 00  00 0d 00 00 00 00 00 00  |..!.............|
sysex #056: 00000000  f0 00 21 0b 04 00 03 00  00 00 04 00 00 00 00 00  |..!.............|
sysex #057: 00000000  f0 00 21 0b 04 00 03 00  00 01 00 00 00 00 00 00  |..!.............|
sysex #058: 00000000  f0 00 21 0b 04 00 03 00  00 02 00 00 00 00 00 00  |..!.............|
sysex #059: 00000000  f0 00 21 0b 04 00 03 00  00 03 00 00 00 00 00 00  |..!.............|
sysex #060: 00000000  f0 00 21 0b 04 00 03 00  00 04 00 00 00 00 00 00  |..!.............|
sysex #061: 00000000  f0 00 21 0b 04 00 03 00  00 05 00 00 00 00 00 00  |..!.............|
sysex #062: 00000000  f0 00 21 0b 04 00 03 00  00 06 00 00 00 00 00 00  |..!.............|
sysex #063: 00000000  f0 00 21 0b 04 00 03 00  00 07 00 00 00 00 00 00  |..!.............|
sysex #064: 00000000  f0 00 21 0b 04 00 03 00  00 08 00 00 00 00 00 00  |..!.............|
sysex #065: 00000000  f0 00 21 0b 04 00 03 00  00 09 00 00 00 00 00 00  |..!.............|
sysex #066: 00000000  f0 00 21 0b 04 00 03 00  00 0a 00 00 00 00 00 00  |..!.............|
sysex #067: 00000000  f0 00 21 0b 04 00 03 00  00 0b 00 00 00 00 00 00  |..!.............|
sysex #068: 00000000  f0 00 21 0b 04 00 03 00  00 0c 00 00 00 00 00 00  |..!.............|
sysex #069: 00000000  f0 00 21 0b 04 00 03 00  00 0d 00 00 00 00 00 00  |..!.............|
sysex #070: 00000000  f0 00 21 0b 04 00 03 00  00 00 05 00 00 00 00 00  |..!.............|
sysex #071: 00000000  f0 00 21 0b 04 00 03 00  00 01 00 00 00 00 00 00  |..!.............|
sysex #072: 00000000  f0 00 21 0b 04 00 03 00  00 02 00 00 00 00 00 00  |..!.............|
sysex #073: 00000000  f0 00 21 0b 04 00 03 00  00 03 00 00 00 00 00 00  |..!.............|
sysex #074: 00000000  f0 00 21 0b 04 00 03 00  00 04 00 00 00 00 00 00  |..!.............|
sysex #075: 00000000  f0 00 21 0b 04 00 03 00  00 05 00 00 00 00 00 00  |..!.............|
sysex #076: 00000000  f0 00 21 0b 04 00 03 00  00 06 00 00 00 00 00 00  |..!.............|
sysex #077: 00000000  f0 00 21 0b 04 00 03 00  00 07 00 00 00 00 00 00  |..!.............|
sysex #078: 00000000  f0 00 21 0b 04 00 03 00  00 08 00 00 00 00 00 00  |..!.............|
sysex #079: 00000000  f0 00 21 0b 04 00 03 00  00 09 00 00 00 00 00 00  |..!.............|
sysex #080: 00000000  f0 00 21 0b 04 00 03 00  00 0a 00 00 00 00 00 00  |..!.............|
sysex #081: 00000000  f0 00 21 0b 04 00 03 00  00 0b 00 00 00 00 00 00  |..!.............|
sysex #082: 00000000  f0 00 21 0b 04 00 03 00  00 0c 00 00 00 00 00 00  |..!.............|
sysex #083: 00000000  f0 00 21 0b 04 00 03 00  00 0d 00 00 00 00 00 00  |..!.............|
sysex #084: 00000000  f0 00 21 0b 04 00 03 00  00 00 06 00 00 00 00 00  |..!.............|
sysex #085: 00000000  f0 00 21 0b 04 00 03 00  00 01 00 00 00 00 00 00  |..!.............|
sysex #086: 00000000  f0 00 21 0b 04 00 03 00  00 02 00 00 00 00 00 00  |..!.............|
sysex #087: 00000000  f0 00 21 0b 04 00 03 00  00 03 00 00 00 00 00 00  |..!.............|
sysex #088: 00000000  f0 00 21 0b 04 00 03 00  00 04 00 00 00 00 00 00  |..!.............|
sysex #089: 00000000  f0 00 21 0b 04 00 03 00  00 05 00 00 00 00 00 00  |..!.............|
sysex #090: 00000000  f0 00 21 0b 04 00 03 00  00 06 00 00 00 00 00 00  |..!.............|
sysex #091: 00000000  f0 00 21 0b 04 00 03 00  00 07 00 00 00 00 00 00  |..!.............|
sysex #092: 00000000  f0 00 21 0b 04 00 03 00  00 08 00 00 00 00 00 00  |..!.............|
sysex #093: 00000000  f0 00 21 0b 04 00 03 00  00 09 00 00 00 00 00 00  |..!.............|
sysex #094: 00000000  f0 00 21 0b 04 00 03 00  00 0a 00 00 00 00 00 00  |..!.............|
sysex #095: 00000000  f0 00 21 0b 04 00 03 00  00 0b 00 00 00 00 00 00  |..!.............|
sysex #096: 00000000  f0 00 21 0b 04 00 03 00  00 0c 00 00 00 00 00 00  |..!.............|
sysex #097: 00000000  f0 00 21 0b 04 00 03 00  00 0d 00 00 00 00 00 00  |..!.............|
sysex #098: 00000000  f0 00 21 0b 04 00 03 00  00 00 07 00 00 00 00 00  |..!.............|
sysex #099: 00000000  f0 00 21 0b 04 00 03 00  00 01 00 00 00 00 00 00  |..!.............|
sysex #100: 00000000  f0 00 21 0b 04 00 03 00  00 02 00 00 00 00 00 00  |..!.............|
sysex #101: 00000000  f0 00 21 0b 04 00 03 00  00 03 00 00 00 00 00 00  |..!.............|
sysex #102: 00000000  f0 00 21 0b 04 00 03 00  00 04 00 00 00 00 00 00  |..!.............|
sysex #103: 00000000  f0 00 21 0b 04 00 03 00  00 05 00 00 00 00 00 00  |..!.............|
sysex #104: 00000000  f0 00 21 0b 04 00 03 00  00 06 00 00 00 00 00 00  |..!.............|
sysex #105: 00000000  f0 00 21 0b 04 00 03 00  00 07 00 00 00 00 00 00  |..!.............|
sysex #106: 00000000  f0 00 21 0b 04 00 03 00  00 08 00 00 00 00 00 00  |..!.............|
sysex #107: 00000000  f0 00 21 0b 04 00 03 00  00 09 00 00 00 00 00 00  |..!.............|
sysex #108: 00000000  f0 00 21 0b 04 00 03 00  00 0a 00 00 00 00 00 00  |..!.............|
sysex #109: 00000000  f0 00 21 0b 04 00 03 00  00 0b 00 00 00 00 00 00  |..!.............|
sysex #110: 00000000  f0 00 21 0b 04 00 03 00  00 0c 00 00 00 00 00 00  |..!.............|
sysex #111: 00000000  f0 00 21 0b 04 00 03 00  00 0d 00 00 00 00 00 00  |..!.............|
sysex #112: 00000000  f0 00 21 0b 04 00 03 00  00 00 08 00 00 00 00 00  |..!.............|
sysex #113: 00000000  f0 00 21 0b 04 00 03 00  00 01 00 00 00 00 00 00  |..!.............|
sysex #114: 00000000  f0 00 21 0b 04 00 03 00  00 02 00 00 00 00 00 00  |..!.............|
sysex #115: 00000000  f0 00 21 0b 04 00 03 00  00 03 00 00 00 00 00 00  |..!.............|
sysex #116: 00000000  f0 00 21 0b 04 00 03 00  00 04 00 00 00 00 00 00  |..!.............|
sysex #117: 00000000  f0 00 21 0b 04 00 03 00  00 05 00 00 00 00 00 00  |..!.............|
sysex #118: 00000000  f0 00 21 0b 04 00 03 00  00 06 00 00 00 00 00 00  |..!.............|
sysex #119: 00000000  f0 00 21 0b 04 00 03 00  00 07 00 00 00 00 00 00  |..!.............|
sysex #120: 00000000  f0 00 21 0b 04 00 03 00  00 08 00 00 00 00 00 00  |..!.............|
sysex #121: 00000000  f0 00 21 0b 04 00 03 00  00 09 00 00 00 00 00 00  |..!.............|
sysex #122: 00000000  f0 00 21 0b 04 00 03 00  00 0a 00 00 00 00 00 00  |..!.............|
sysex #123: 00000000  f0 00 21 0b 04 00 03 00  00 0b 00 00 00 00 00 00  |..!.............|
sysex #124: 00000000  f0 00 21 0b 04 00 03 00  00 0c 00 00 00 00 00 00  |..!.............|
sysex #125: 00000000  f0 00 21 0b 04 00 03 00  00 0d 00 00 00 00 00 00  |..!.............|
sysex #126: 00000000  f0 00 21 0b 04 00 03 00  00 00 09 00 00 00 00 00  |..!.............|
sysex #127: 00000000  f0 00 21 0b 04 00 03 00  00 01 00 00 00 00 00 00  |..!.............|
sysex #128: 00000000  f0 00 21 0b 04 00 03 00  00 02 00 00 00 00 00 00  |..!.............|
sysex #129: 00000000  f0 00 21 0b 04 00 03 00  00 03 00 00 00 00 00 00  |..!.............|
sysex #130: 00000000  f0 00 21 0b 04 00 03 00  00 04 00 00 00 00 00 00  |..!.............|
sysex #131: 00000000  f0 00 21 0b 04 00 03 00  00 05 00 00 00 00 00 00  |..!.............|
sysex #132: 00000000  f0 00 21 0b 04 00 03 00  00 06 00 00 00 00 00 00  |..!.............|
sysex #133: 00000000  f0 00 21 0b 04 00 03 00  00 07 00 00 00 00 00 00  |..!.............|
sysex #134: 00000000  f0 00 21 0b 04 00 03 00  00 08 00 00 00 00 00 00  |..!.............|
sysex #135: 00000000  f0 00 21 0b 04 00 03 00  00 09 00 00 00 00 00 00  |..!.............|
sysex #136: 00000000  f0 00 21 0b 04 00 03 00  00 0a 00 00 00 00 00 00  |..!.............|
sysex #137: 00000000  f0 00 21 0b 04 00 03 00  00 0b 00 00 00 00 00 00  |..!.............|
sysex #138: 00000000  f0 00 21 0b 04 00 03 00  00 0c 00 00 00 00 00 00  |..!.............|
sysex #139: 00000000  f0 00 21 0b 04 00 03 00  00 0d 00 00 00 00 00 00  |..!.............|
sysex #140: 00000000  f0 00 21 0b 04 00 03 00  00 00 0a 00 00 00 00 00  |..!.............|
sysex #141: 00000000  f0 00 21 0b 04 00 03 00  00 01 00 00 00 00 00 00  |..!.............|
sysex #142: 00000000  f0 00 21 0b 04 00 03 00  00 02 00 00 00 00 00 00  |..!.............|
sysex #143: 00000000  f0 00 21 0b 04 00 03 00  00 03 00 00 00 00 00 00  |..!.............|
sysex #144: 00000000  f0 00 21 0b 04 00 03 00  00 04 00 00 00 00 00 00  |..!.............|
sysex #145: 00000000  f0 00 21 0b 04 00 03 00  00 05 00 00 00 00 00 00  |..!.............|
sysex #146: 00000000  f0 00 21 0b 04 00 03 00  00 06 00 00 00 00 00 00  |..!.............|
sysex #147: 00000000  f0 00 21 0b 04 00 03 00  00 07 00 00 00 00 00 00  |..!.............|
sysex #148: 00000000  f0 00 21 0b 04 00 03 00  00 08 00 00 00 00 00 00  |..!.............|
sysex #149: 00000000  f0 00 21 0b 04 00 03 00  00 09 00 00 00 00 00 00  |..!.............|
sysex #150: 00000000  f0 00 21 0b 04 00 03 00  00 0a 00 00 00 00 00 00  |..!.............|
sysex #151: 00000000  f0 00 21 0b 04 00 03 00  00 0b 00 00 00 00 00 00  |..!.............|
sysex #152: 00000000  f0 00 21 0b 04 00 03 00  00 0c 00 00 00 00 00 00  |..!.............|
sysex #153: 00000000  f0 00 21 0b 04 00 03 00  00 0d 00 00 00 00 00 00  |..!.............|
sysex #154: 00000000  f0 00 21 0b 04 00 03 00  00 00 0b 00 00 00 00 00  |..!.............|
sysex #155: 00000000  f0 00 21 0b 04 00 03 00  00 01 00 00 00 00 00 00  |..!.............|
sysex #156: 00000000  f0 00 21 0b 04 00 03 00  00 02 00 00 00 00 00 00  |..!.............|
sysex #157: 00000000  f0 00 21 0b 04 00 03 00  00 03 00 00 00 00 00 00  |..!.............|
sysex #158: 00000000  f0 00 21 0b 04 00 03 00  00 04 00 00 00 00 00 00  |..!.............|
sysex #159: 00000000  f0 00 21 0b 04 00 03 00  00 05 00 00 00 00 00 00  |..!.............|
sysex #160: 00000000  f0 00 21 0b 04 00 03 00  00 06 00 00 00 00 00 00  |..!.............|
sysex #161: 00000000  f0 00 21 0b 04 00 03 00  00 07 00 00 00 00 00 00  |..!.............|
sysex #162: 00000000  f0 00 21 0b 04 00 03 00  00 08 00 00 00 00 00 00  |..!.............|
sysex #163: 00000000  f0 00 21 0b 04 00 03 00  00 09 00 00 00 00 00 00  |..!.............|
sysex #164: 00000000  f0 00 21 0b 04 00 03 00  00 0a 00 00 00 00 00 00  |..!.............|
sysex #165: 00000000  f0 00 21 0b 04 00 03 00  00 0b 00 00 00 00 00 00  |..!.............|
sysex #166: 00000000  f0 00 21 0b 04 00 03 00  00 0c 00 00 00 00 00 00  |..!.............|
sysex #167: 00000000  f0 00 21 0b 04 00 03 00  00 0d 00 00 00 00 00 00  |..!.............|
sysex #168: 00000000  f0 00 21 0b 04 00 03 00  00 00 0c 00 00 00 00 00  |..!.............|
sysex #169: 00000000  f0 00 21 0b 04 00 03 00  00 01 00 00 00 00 00 00  |..!.............|
sysex #170: 00000000  f0 00 21 0b 04 00 03 00  00 02 00 00 00 00 00 00  |..!.............|
sysex #171: 00000000  f0 00 21 0b 04 00 03 00  00 03 00 00 00 00 00 00  |..!.............|
sysex #172: 00000000  f0 00 21 0b 04 00 03 00  00 04 00 00 00 00 00 00  |..!.............|
sysex #173: 00000000  f0 00 21 0b 04 00 03 00  00 05 00 00 00 00 00 00  |..!.............|
sysex #174: 00000000  f0 00 21 0b 04 00 03 00  00 06 00 00 00 00 00 00  |..!.............|
sysex #175: 00000000  f0 00 21 0b 04 00 03 00  00 07 00 00 00 00 00 00  |..!.............|
sysex #176: 00000000  f0 00 21 0b 04 00 03 00  00 08 00 00 00 00 00 00  |..!.............|
sysex #177: 00000000  f0 00 21 0b 04 00 03 00  00 09 00 00 00 00 00 00  |..!.............|
sysex #178: 00000000  f0 00 21 0b 04 00 03 00  00 0a 00 00 00 00 00 00  |..!.............|
sysex #179: 00000000  f0 00 21 0b 04 00 03 00  00 0b 00 00 00 00 00 00  |..!.............|
sysex #180: 00000000  f0 00 21 0b 04 00 03 00  00 0c 00 00 00 00 00 00  |..!.............|
sysex #181: 00000000  f0 00 21 0b 04 00 03 00  00 0d 00 00 00 00 00 00  |..!.............|
sysex #182: 00000000  f0 00 21 0b 04 00 03 00  00 00 0d 00 00 00 00 00  |..!.............|
sysex #183: 00000000  f0 00 21 0b 04 00 03 00  00 01 00 00 00 00 00 00  |..!.............|
sysex #184: 00000000  f0 00 21 0b 04 00 03 00  00 02 00 00 00 00 00 00  |..!.............|
sysex #185: 00000000  f0 00 21 0b 04 00 03 00  00 03 00 00 00 00 00 00  |..!.............|
sysex #186: 00000000  f0 00 21 0b 04 00 03 00  00 04 00 00 00 00 00 00  |..!.............|
sysex #187: 00000000  f0 00 21 0b 04 00 03 00  00 05 00 00 00 00 00 00  |..!.............|
sysex #188: 00000000  f0 00 21 0b 04 00 03 00  00 06 00 00 00 00 00 00  |..!.............|
sysex #189: 00000000  f0 00 21 0b 04 00 03 00  00 07 00 00 00 00 00 00  |..!.............|
sysex #190: 00000000  f0 00 21 0b 04 00 03 00  00 08 00 00 00 00 00 00  |..!.............|
sysex #191: 00000000  f0 00 21 0b 04 00 03 00  00 09 00 00 00 00 00 00  |..!.............|
sysex #192: 00000000  f0 00 21 0b 04 00 03 00  00 0a 00 00 00 00 00 00  |..!.............|
sysex #193: 00000000  f0 00 21 0b 04 00 03 00  00 0b 00 00 00 00 00 00  |..!.............|
sysex #194: 00000000  f0 00 21 0b 04 00 03 00  00 0c 00 00 00 00 00 00  |..!.............|
sysex #195: 00000000  f0 00 21 0b 04 00 03 00  00 0d 00 00 00 00 00 00  |..!.............|
sysex #196: 00000000  f0 00 21 0b 04 00 03 00  00 00 0e 00 00 00 00 00  |..!.............|
sysex #197: 00000000  f0 00 21 0b 04 00 03 00  00 01 00 00 00 00 00 00  |..!.............|
sysex #198: 00000000  f0 00 21 0b 04 00 03 00  00 02 00 00 00 00 00 00  |..!.............|
sysex #199: 00000000  f0 00 21 0b 04 00 03 00  00 03 00 00 00 00 00 00  |..!.............|
sysex #200: 00000000  f0 00 21 0b 04 00 03 00  00 04 00 00 00 00 00 00  |..!.............|
sysex #201: 00000000  f0 00 21 0b 04 00 03 00  00 05 00 00 00 00 00 00  |..!.............|
sysex #202: 00000000  f0 00 21 0b 04 00 03 00  00 06 00 00 00 00 00 00  |..!.............|
sysex #203: 00000000  f0 00 21 0b 04 00 03 00  00 07 00 00 00 00 00 00  |..!.............|
sysex #204: 00000000  f0 00 21 0b 04 00 03 00  00 08 00 00 00 00 00 00  |..!.............|
sysex #205: 00000000  f0 00 21 0b 04 00 03 00  00 09 00 00 00 00 00 00  |..!.............|
sysex #206: 00000000  f0 00 21 0b 04 00 03 00  00 0a 00 00 00 00 00 00  |..!.............|
sysex #207: 00000000  f0 00 21 0b 04 00 03 00  00 0b 00 00 00 00 00 00  |..!.............|
sysex #208: 00000000  f0 00 21 0b 04 00 03 00  00 0c 00 00 00 00 00 00  |..!.............|
sysex #209: 00000000  f0 00 21 0b 04 00 03 00  00 0d 00 00 00 00 00 00  |..!.............|
sysex #210: 00000000  f0 00 21 0b 04 00 03 00  00 00 0f 00 00 00 00 00  |..!.............|
sysex #211: 00000000  f0 00 21 0b 04 00 03 00  00 01 00 00 00 00 00 00  |..!.............|
sysex #212: 00000000  f0 00 21 0b 04 00 03 00  00 02 00 00 00 00 00 00  |..!.............|
sysex #213: 00000000  f0 00 21 0b 04 00 03 00  00 03 00 00 00 00 00 00  |..!.............|
sysex #214: 00000000  f0 00 21 0b 04 00 03 00  00 04 00 00 00 00 00 00  |..!.............|
sysex #215: 00000000  f0 00 21 0b 04 00 03 00  00 05 00 00 00 00 00 00  |..!.............|
sysex #216: 00000000  f0 00 21 0b 04 00 03 00  00 06 00 00 00 00 00 00  |..!.............|
sysex #217: 00000000  f0 00 21 0b 04 00 03 00  00 07 00 00 00 00 00 00  |..!.............|
sysex #218: 00000000  f0 00 21 0b 04 00 03 00  00 08 00 00 00 00 00 00  |..!.............|
sysex #219: 00000000  f0 00 21 0b 04 00 03 00  00 09 00 00 00 00 00 00  |..!.............|
sysex #220: 00000000  f0 00 21 0b 04 00 03 00  00 0a 00 00 00 00 00 00  |..!.............|
sysex #221: 00000000  f0 00 21 0b 04 00 03 00  00 0b 00 00 00 00 00 00  |..!.............|
sysex #222: 00000000  f0 00 21 0b 04 00 03 00  00 0c 00 00 00 00 00 00  |..!.............|
sysex #223: 00000000  f0 00 21 0b 04 00 03 00  00 0d 00 00 00 00 00 00  |..!.............|
sysex #224: 
